20 30
1.1 1.1 37.0 37.0 37.0 37.0 37.0 37.0 37.0 37.0 37.0 37.0 37.0 37.0 37.0 37.0 37.0 37.0 37.0 37.0 37.0 37.0 37.0 37.0 37.0 37.0 37.0 37.0 37.0 37.0
1.0 1.0 4.0 37.0 1.0 1.0 1.0 1.0 1.0 1.0 1.0 1.0 1.0 13.0 13.0 13.0 13.0 13.0 13.0 1.0 1.0 1.0 1.0 1.0 1.0 1.0 1.0 1.0 1.0 1.0
1.0 1.0 4.0 37.0 37.0 37.0 37.0 37.0 37.0 37.0 37.0 37.0 37.0 13.0 13.0 13.0 13.0 13.0 21.0 13.0 13.0 13.0 13.0 13.0 37.0 1.0 1.0 1.0 1.0 1.0
1.0 1.0 4.0 2.0 1.0 1.0 1.0 37.0 37.0 13.0 13.0 1.0 13.0 37.0 37.0 37.0 21.0 13.0 21.0 13.0 13.0 13.0 21.0 13.0 37.0 13.0 13.0 13.0 1.0 1.0
1.0 1.0 4.0 2.0 13.0 13.0 13.0 37.0 1.0 13.0 13.0 13.0 13.0 13.0 37.0 37.0 13.0 13.0 13.0 13.0 13.0 13.0 13.0 13.0 13.0 13.0 13.0 13.0 1.0 1.0
1.0 1.0 13.0 13.0 13.0 13.0 13.0 13.0 13.0 13.0 13.0 13.0 13.0 37.0 13.0 13.0 13.0 13.0 13.0 13.0 13.0 13.0 13.0 21.0 1.0 13.0 37.0 37.0 1.0 1.0
1.0 1.0 13.0 37.0 2.0 13.0 2.0 2.0 13.0 13.0 13.0 13.0 37.0 37.0 37.0 37.0 37.0 37.0 37.0 37.0 13.0 13.0 37.0 13.0 37.0 37.0 1.0 37.0 1.0 1.0
1.0 1.0 13.0 3.0 3.0 13.0 3.0 6.0 13.0 13.0 37.0 37.0 13.0 13.0 37.0 37.0 13.0 1.0 37.0 1.0 13.0 37.0 1.0 37.0 13.0 37.0 1.0 37.0 1.0 1.0
1.0 1.0 13.0 13.0 13.0 13.0 1.0 4.0 2.0 37.0 37.0 37.0 13.0 13.0 13.0 37.0 1.0 1.0 37.0 1.0 13.0 37.0 13.0 13.0 13.0 13.0 1.0 37.0 1.0 1.0
1.0 1.0 37.0 13.0 13.0 1.0 1.0 4.0 37.0 37.0 37.0 1.0 13.0 37.0 37.0 1.0 1.0 37.0 37.0 13.0 37.0 13.0 37.0 13.0 13.0 13.0 1.0 37.0 1.0 1.0
1.0 1.0 37.0 13.0 13.0 1.0 37.0 4.0 37.0 37.0 1.0 21.0 13.0 37.0 37.0 37.0 37.0 37.0 37.0 13.0 13.0 13.0 13.0 13.0 13.0 29.0 1.0 37.0 1.0 1.0
1.0 1.0 37.0 1.0 1.0 37.0 1.0 37.0 2.0 37.0 1.0 21.0 37.0 37.0 37.0 1.0 13.0 13.0 13.0 13.0 13.0 13.0 37.0 13.0 13.0 13.0 1.0 37.0 1.0 1.0
1.0 1.0 1.0 37.0 1.0 37.0 37.0 37.0 37.0 37.0 37.0 37.0 37.0 1.0 13.0 13.0 13.0 13.0 13.0 13.0 13.0 13.0 13.0 13.0 13.0 13.0 37.0 37.0 1.0 1.0
1.0 1.0 1.0 1.0 37.0 37.0 1.0 37.0 37.0 37.0 37.0 37.0 13.0 37.0 13.0 13.0 13.0 13.0 13.0 13.0 1.0 13.0 13.0 13.0 13.0 37.0 37.0 1.0 1.0 1.0
1.0 1.0 1.0 1.0 1.0 1.0 37.0 13.0 13.0 37.0 37.0 37.0 37.0 37.0 13.0 13.0 13.0 13.0 13.0 13.0 13.0 13.0 13.0 13.0 13.0 13.0 1.0 1.0 1.0 1.0
1.0 1.0 1.0 1.0 1.0 1.0 13.0 13.0 13.0 13.0 13.0 37.0 37.0 13.0 13.0 13.0 13.0 13.0 13.0 13.0 13.0 13.0 13.0 13.0 13.0 1.0 1.0 1.0 1.0 1.0
1.0 1.0 1.0 1.0 1.0 1.0 1.0 13.0 13.0 13.0 13.0 13.0 13.0 37.0 13.0 37.0 37.0 37.0 13.0 13.0 13.0 13.0 13.0 13.0 13.0 13.0 1.0 1.0 1.0 1.0
1.0 1.0 1.0 1.0 1.0 1.0 1.0 13.0 2.0 1.0 13.0 1.0 13.0 1.0 13.0 1.0 13.0 13.0 13.0 13.0 13.0 13.0 13.0 13.0 13.0 13.0 13.0 1.0 13.0 13.0
1.0 1.0 1.0 1.0 1.0 1.0 1.0 13.0 2.0 13.0 13.0 13.0 13.0 13.0 13.0 13.0 13.0 1.0 13.0 13.0 13.0 1.0 1.0 1.0 1.0 13.0 1.0 13.0 13.0 13.0
1.0 1.0 1.0 1.0 1.0 1.0 1.0 13.0 2.0 13.0 1.0 1.0 1.0 1.0 1.0 1.0 1.0 1.0 1.0 1.0 1.0 1.0 1.0 1.0 1.0 1.0 1.0 1.0 1.0 1.0
